 0.0700 	  0.0725 	 -0.1200 	  0.0710 	  0.0270 	  0.0270 
 0.0700 	 -0.1200 	  0.0725 	 -0.0270 	 -0.0270 	  0.0710 
 0.0700 	  0.0725 	 -0.1200 	 -0.0710 	  0.0270 	 -0.0270 
 0.0700 	 -0.1200 	  0.0725 	  0.0270 	 -0.0270 	 -0.0710 
-0.1200 	  0.0725 	  0.0700 	  0.0270 	 -0.0710 	 -0.0270 
 0.0700 	  0.0725 	 -0.1200 	 -0.0710 	 -0.0270 	  0.0270 
-0.1200 	  0.0725 	  0.0700 	 -0.0270 	  0.0710 	 -0.0270 
 0.0725 	  0.0700 	 -0.1200 	 -0.0710 	  0.0270 	 -0.0270 
 0.0700 	  0.0725 	 -0.1200 	  0.0710 	 -0.0270 	 -0.0270 
 0.0725 	  0.0700 	 -0.1200 	 -0.0710 	 -0.0270 	  0.0270 
 0.0725 	  0.0700 	 -0.1200 	  0.0710 	 -0.0270 	 -0.0270 
 0.0725 	  0.0700 	 -0.1200 	  0.0710 	  0.0270 	  0.0270 
 0.0700 	 -0.1200 	  0.0725 	 -0.0270 	  0.0270 	 -0.0710 
 0.0700 	 -0.1200 	  0.0725 	  0.0270 	  0.0270 	  0.0710 
-0.1200 	  0.0725 	  0.0700 	 -0.0270 	 -0.0710 	  0.0270 
-0.1200 	  0.0725 	  0.0700 	  0.0270 	  0.0710 	  0.0270 
-0.1200 	  0.0700 	  0.0725 	  0.0270 	  0.0710 	  0.0270 
 0.0725 	 -0.1200 	  0.0700 	 -0.0270 	  0.0270 	 -0.0710 
 0.0725 	 -0.1200 	  0.0700 	  0.0270 	 -0.0270 	 -0.0710 
 0.0725 	 -0.1200 	  0.0700 	 -0.0270 	 -0.0270 	  0.0710 
 0.0725 	 -0.1200 	  0.0700 	  0.0270 	  0.0270 	  0.0710 
-0.1200 	  0.0700 	  0.0725 	 -0.0270 	 -0.0710 	  0.0270 
-0.1200 	  0.0700 	  0.0725 	 -0.0270 	  0.0710 	 -0.0270 
-0.1200 	  0.0700 	  0.0725 	  0.0270 	 -0.0710 	 -0.0270 
