 0.0828 	  0.0855 	 -0.1078 	  0.0839 	  0.0144 	  0.0145 
 0.0828 	 -0.1078 	  0.0855 	 -0.0145 	 -0.0144 	  0.0839 
 0.0828 	  0.0855 	 -0.1078 	 -0.0839 	  0.0144 	 -0.0145 
 0.0828 	 -0.1078 	  0.0855 	  0.0145 	 -0.0144 	 -0.0839 
-0.1078 	  0.0855 	  0.0828 	  0.0144 	 -0.0839 	 -0.0145 
 0.0828 	  0.0855 	 -0.1078 	 -0.0839 	 -0.0144 	  0.0145 
-0.1078 	  0.0855 	  0.0828 	 -0.0144 	  0.0839 	 -0.0145 
 0.0855 	  0.0828 	 -0.1078 	 -0.0839 	  0.0145 	 -0.0144 
 0.0828 	  0.0855 	 -0.1078 	  0.0839 	 -0.0144 	 -0.0145 
 0.0855 	  0.0828 	 -0.1078 	 -0.0839 	 -0.0145 	  0.0144 
 0.0855 	  0.0828 	 -0.1078 	  0.0839 	 -0.0145 	 -0.0144 
 0.0855 	  0.0828 	 -0.1078 	  0.0839 	  0.0145 	  0.0144 
 0.0828 	 -0.1078 	  0.0855 	 -0.0145 	  0.0144 	 -0.0839 
 0.0828 	 -0.1078 	  0.0855 	  0.0145 	  0.0144 	  0.0839 
-0.1078 	  0.0855 	  0.0828 	 -0.0144 	 -0.0839 	  0.0145 
-0.1078 	  0.0855 	  0.0828 	  0.0144 	  0.0839 	  0.0145 
-0.1078 	  0.0828 	  0.0855 	  0.0145 	  0.0839 	  0.0144 
 0.0855 	 -0.1078 	  0.0828 	 -0.0144 	  0.0145 	 -0.0839 
 0.0855 	 -0.1078 	  0.0828 	  0.0144 	 -0.0145 	 -0.0839 
 0.0855 	 -0.1078 	  0.0828 	 -0.0144 	 -0.0145 	  0.0839 
 0.0855 	 -0.1078 	  0.0828 	  0.0144 	  0.0145 	  0.0839 
-0.1078 	  0.0828 	  0.0855 	 -0.0145 	 -0.0839 	  0.0144 
-0.1078 	  0.0828 	  0.0855 	 -0.0145 	  0.0839 	 -0.0144 
-0.1078 	  0.0828 	  0.0855 	  0.0145 	 -0.0839 	 -0.0144 
